 

 

 

   

vocales et
diphthongi

———————-——.——-———————————-———

 

 

 

  

 

11) in nn. hunul.

 

 

 

 

 

 

 

 

 

 

 

 

 

 

 

 

 

 

 

11: Ι - 3 «μ - -ν -- , -- :1 ¹ 111

st* 1 2 ἡ — -- ⁴³ „ 1 11

³1 1 a .- - - 1 - - 1 -Ι 31 Ι

ῃ Ι - Γ - Ι — — 1 J — -— ! — ¹3¹ 1 Ι *m

ω 3 5 - - 1 - - 11 3 ιί 23 ,

*lat-1 - ff ι - - -ιμιιμ

αι - 12 - 1 12 40 1 421ξ 4 12 124

ει - 1 -- - - 3 - 0 1 — 11 ι

οι 5 8 1 1 3 3 — 10 3 5 39 178Ι

ευ - - - - 2 — — 2 — — 4

ου - -. -. - - - - - - - - 1
12 31 1 2 19 48 1 89 12 23 238

'³‘ Versum intercalarem I 64 semel tantum numeravi.

57 (v 2), 73(1111),79(v2); 5) 11 3 (v 2),9(117 2),10 (Ν 2), 11 (lv 2),14 (1112), 18 (tv 21,
34 (111 2), 40 (lv 2), 41 (1v 2), 44 (lv 2 et V 2), 49 (111 1 et v 2), 50 (111 2),
55 (1 1), 72 (111 1), 77 (111 2), 90 (111 2), 101 (ιν 1), 102 (1112), 113 (1112),,
127 (111 2), 132 (1 2), 141 (111 2), 143 (111 2), 149 (111 2), 150 (v 2), 152 (111 2),
159 (17 2); x1v 12 (111 1), 18 (v 1), 45 (v 1), 55 (111 1), 59 (111 1); xv 12 (lv 2),
25 (111 1), 27 (111 2), 57 (v 2), 54 (111 2), 58 (1 1), 72 (ιν 2), 73 (1v 2), 75 (1 2),
77 (111 1), 79 (1 1), 82 (111 2), 88 (v 1), 39 (v 2), 91 (Ν 2), 92 (1 1), 99 (v 2),
100 (111 2), 104 (1v 2), 111 (v 1), 112 (111 1), 118 (111 2), 120 (v 1), 132 (v 21,
135 (111 1), 135(1112), 142 (111 2), 143 (1112), 141 (111 2), 149 (111 2), xv111 7 (111 1),
14 (ιν 1 et V 1), 28 (1 2), 31 (1 2), 32 (ιν 2), 35 (1v 2), 35 (111 2), 39 (111 2),
40 (1v 2), 41 (lv 2), 43 (ιν 2), 47 (lv 2), c) x111 3 (v 2), 5 (1 2), 9 (111 1),
37 (111 2), 42 (111 2), 44 (1 1 et 1v 2). 47 (1 1 et v 1), 75 (111 2); xvl 3 (11 2 et
lv 2), 5 (ν 2), 9 (111 1), 15 (ν 2), 18 (111 1), 20 (111 1), 21 (v 2), 24 (v 1), 25 (v 2).
27 (1v 2) 28 (111 1), 30 (1 2), 31 (111 1), 42 (111 2), 45 (111 2), 51 (111 2), 58 (lv 2),
55 (111 2), 57 (111 2), 73 (1 2), 81 (12), 99 (IV 1), 101 (v 2), 103 (111 2), 104 (1v 2),
105 (111 1); xv11 1 (111 2), 8 (1112), 10 (v 2), 25 (111 1), 27 (111 1), 28 (1 1 ,1,
33 (1 2), 77 (12 et 111 2), 85 (1v 2), 88 (111 2), 91 (v 2), 95 (v 2), 105 (v 2),
113 (v 1), 115 (111 1), 118 (1 2), 120 (111 1), 121 (1112), 122 (v 2), 131 (12]
133 (v 2), 135 (ν 2), 135 (1 2), 137 (1 2); xxn 1 (111 2), 8 (111 2), 11 (121
15 (111 2), 17 (111 2), 24 (111 1), 32 (1v 1), 41 (111 2), 51 (111 2), 53 (1 2), 57 (111 1).
71 (1v 2), 109 (1112), 117 (1251 111 2), 121(1v 1), 129 (111 1), 140 (1v 1), 150 (1 2 et
111 2), 153 (111 2), 158 (11 2), 160 (1 2), 154 (11 1), 159 (111 1), 173 (11 1), 193 (111 2).
202 (111 2), 213 (111 2), 214 (1112), 215 (111 2), 221 (11 1), 222 (111 2), xxlv 3 (111 251,
7 (lv 1), 9 (111 2), 24 (111 1), 34 (1v 1), 57 (111 1 et v 1), 59 (111 2), 75 (v 2),
75 (1 1), 81 (111 2), 84 (tv 2), 37 (111 1), 101 (1 1), 107 (111 1 et v 1), 109 (111 2),
119 (111 1), 125 (ν 1), 128 (111 2), 130 (111 2), 137 (111 2); xxv 3 (lv 2),
8 (111 1), 9 (111 1), 11 (v 2), 19 (1 2), 21 (ιν 1), 28 (111 1), 30 (111 1), 35 (1 21,
37 (1 2), 39 (1 2 et v 2), 44 (111 2), 58 (1v 2), 59 (v 2), 57 (v 2), 79 (lv 2), 81 (v 2),,

 

